# stellata-zsr.1 sample-star three-way colour comparison

(A) ciToColor(B-V) — current shader piecewise gradient
(B) blackbody → sRGB at Teff(spect) — T_TABLE MS lookup
(C) blackbody → sRGB at Teff(B-V) — Ballesteros 2012

Name          Spect         B-V  Tspc   Tbv  (A) ci_shdr    (B) bb@Tspc    (C) bb@Tbv      ΔE_AB  ΔE_AC
----------------------------------------------------------------------------------------------------------------------------------
Sol           G2 V        0.656  5788  5757  (244,244,237) (255,241,234) (255,241,233)   11.4   11.7
Sirius A      A1 V        0.009  9468 10014  (196,216,248) (210,220,255) (205,217,255)   15.7   11.2
Vega          A0 V        0.000  9790 10125  (196,216,248) (207,218,255) (204,217,255)   13.4   11.0
Altair        A7 V        0.221  7890  8004  (212,225,244) (228,232,255) (227,231,255)   20.8   19.1
Procyon       F5 IV-V     0.432  6650  6714  (228,234,241) (252,247,255) (251,246,255)   31.1   29.5
Polaris       F7 Ib       0.601  6350  5964  (240,241,238) (255,247,250) (255,243,239)   20.1   15.0
Capella       G3 III      0.795  5712  5296  (255,250,235) (255,240,232) (255,235,218)    9.9   22.1
Pollux        K0 III      0.991  5150  4764  (255,232,211) (255,233,213) (255,227,199)    1.8   13.8
Arcturus      K1.5 III    1.234  5002  4243  (255,210,182) (255,231,208) (255,217,177)   32.9    8.7
Aldebaran     K5 III      1.538  4410  3737  (255,182,145) (255,220,184) (255,206,152)   54.5   24.6
Antares       M1.5 Iab    1.830  3706  3649  (255,156,110) (255,205,151) (255,204,148)   64.1   61.1
Betelgeuse    M2 Iab      1.860  3572  3649  (255,153,106) (255,202,144) (255,204,148)   61.4   65.5
Proxima       M5.5 V      1.807  3170  3649  (255,158,113) (255,190,120) (255,204,148)   33.3   57.8
Mintaka       O9.5 II    -0.170 34000 12902  (183,209,251) (161,186,255) (188,206,255)   32.2    7.3
Spica         B1 V       -0.235 27040 14492  (178,206,252) (164,188,255) (183,202,255)   22.5    6.8
Rigel         B8 Ia      -0.030 11675 10516  (193,215,249) (194,210,255) (201,215,255)    8.0   10.1
Bellatrix     B2 III     -0.224 24080 14192  (179,206,252) (167,190,255) (184,202,255)   20.6    6.8
Deneb         A2 Ia       0.090  9146  9125  (202,220,247) (213,222,255) (213,222,255)   13.7   13.9
Castor A      A1 V        0.034  9468  9720  (198,217,248) (210,220,255) (207,219,255)   14.1   12.0
Sirius B      DA2         0.000 25200 10125  (196,216,248) (166,189,255) (204,217,255)   40.5   11.0
